      0/99     3.38G   0.03982   0.01535   0.01086   0.06602        71       640    0.9449    0.9255    0.9683    0.7579   0.02027   0.00357  0.001134
      1/99     23.6G   0.02897   0.01348  0.005138   0.04759        70       640    0.9491    0.9236    0.9698    0.7775   0.01901  0.003461 0.0007101
      2/99     22.9G    0.0303    0.0142  0.005897    0.0504       105       640    0.9398    0.9221    0.9676    0.7678   0.01957  0.003627 0.0006933
      3/99     22.9G   0.02976   0.01397  0.005519   0.04925       113       640    0.9578    0.9538     0.977    0.8064   0.01783  0.003289 0.0004954
      4/99     22.9G   0.02807   0.01327  0.004752   0.04609        63       640    0.9665    0.9534    0.9822     0.828   0.01671   0.00313  0.000303
      5/99     22.9G   0.02689   0.01283    0.0043   0.04402        73       640    0.9701    0.9585     0.984    0.8363   0.01601  0.003018  0.000281
      6/99     22.9G   0.02645   0.01258  0.004049   0.04308        91       640    0.9709    0.9639    0.9857    0.8425   0.01563  0.002936 0.0002093
      7/99     22.9G   0.02609   0.01246  0.003898   0.04244        71       640    0.9662    0.9691    0.9864    0.8463    0.0153   0.00289 0.0001871
      8/99     22.9G   0.02544   0.01217  0.003617   0.04122       119       640    0.9686     0.968     0.987    0.8512   0.01507  0.002845 0.0001721
      9/99     22.9G   0.02555   0.01216  0.003766   0.04147        69       640    0.9673    0.9714    0.9874    0.8535   0.01497  0.002825 0.0001697
     10/99     22.9G   0.02511   0.01204  0.003592   0.04074        76       640    0.9677    0.9731    0.9877    0.8555   0.01487  0.002802 0.0001689
     11/99     22.9G     0.025   0.01195  0.003548    0.0405        85       640    0.9677    0.9747    0.9879     0.857   0.01475  0.002788 0.0001635
     12/99     22.9G   0.02503   0.01195  0.003555   0.04054        86       640    0.9737    0.9698     0.988    0.8586   0.01466  0.002773 0.0001658
     13/99     22.9G   0.02496   0.01199   0.00358   0.04053        98       640    0.9713    0.9732    0.9881    0.8595   0.01459  0.002761 0.0001643
     14/99     22.9G   0.02461   0.01177  0.003371   0.03975       113       640    0.9741    0.9718    0.9884    0.8605    0.0145   0.00275 0.0001602
     15/99     22.9G   0.02461   0.01181   0.00338    0.0398        97       640    0.9773    0.9695    0.9886     0.862    0.0144  0.002738 0.0001554
     16/99     22.9G   0.02465   0.01191   0.00352   0.04008        85       640    0.9749    0.9719    0.9889    0.8638   0.01431  0.002729 0.0001517
     17/99     22.9G   0.02444   0.01174  0.003382   0.03957        69       640    0.9764    0.9708    0.9889     0.865   0.01424   0.00272 0.0001458
     18/99     22.9G   0.02432   0.01163  0.003301   0.03925        85       640    0.9774    0.9711     0.989    0.8667   0.01418   0.00271 0.0001381
     19/99     22.9G   0.02415   0.01165  0.003248   0.03905        56       640    0.9782    0.9715    0.9894    0.8686   0.01411  0.002696 0.0001292
     20/99     22.9G   0.02409   0.01156  0.003304   0.03896        92       640    0.9775    0.9725    0.9893    0.8689   0.01405  0.002683 0.0001227
     21/99     22.9G   0.02393   0.01149  0.003157   0.03858        64       640    0.9756    0.9755    0.9896    0.8704   0.01401   0.00267 0.0001188
     22/99     22.9G   0.02401   0.01156  0.003194   0.03876        72       640    0.9792    0.9742    0.9899    0.8714   0.01395  0.002659 0.0001149
     23/99     22.9G   0.02389   0.01154  0.003167    0.0386        88       640    0.9789    0.9756    0.9902     0.872   0.01387  0.002648 0.0001109
     24/99     22.9G   0.02369   0.01148  0.003082   0.03825        60       640    0.9793    0.9762    0.9904    0.8737   0.01381  0.002637 0.0001084
     25/99     22.9G   0.02359   0.01134  0.003107   0.03804        60       640    0.9796    0.9764    0.9906    0.8749   0.01373  0.002623  0.000106
     26/99     22.9G   0.02355    0.0114  0.003074   0.03802        83       640    0.9781    0.9786    0.9907    0.8752   0.01364  0.002609 0.0001037
     27/99     22.9G   0.02346   0.01137  0.003077    0.0379        90       640    0.9785    0.9785    0.9907    0.8759   0.01359  0.002597 9.937e-05
     28/99     22.9G   0.02325   0.01128   0.00302   0.03756        80       640    0.9788    0.9792    0.9908    0.8772   0.01355  0.002588 9.474e-05
     29/99     22.9G   0.02326   0.01129  0.003039   0.03759        92       640    0.9789    0.9803    0.9908    0.8783   0.01353  0.002579 9.166e-05
     30/99     22.9G   0.02334   0.01136   0.00305   0.03775        78       640    0.9788    0.9801     0.991     0.879   0.01348  0.002568 9.328e-05
     31/99     22.9G   0.02321   0.01123  0.003005   0.03745        71       640    0.9799    0.9788    0.9912    0.8799   0.01344  0.002558 9.546e-05
     32/99     22.9G   0.02301   0.01114   0.00285   0.03701        95       640    0.9799    0.9786    0.9913    0.8807   0.01339  0.002551 9.672e-05
     33/99     22.9G   0.02299   0.01111  0.002881   0.03698        87       640      0.98    0.9795    0.9913    0.8811   0.01335  0.002548  9.46e-05
     34/99     22.9G   0.02279   0.01107  0.002865   0.03672       103       640    0.9799    0.9797    0.9914    0.8819   0.01331   0.00254 8.871e-05
     35/99     22.9G    0.0229   0.01112  0.002839   0.03687        71       640      0.98    0.9799    0.9916    0.8829   0.01324  0.002532 8.321e-05
     36/99     22.9G   0.02268   0.01099  0.002853   0.03652        86       640    0.9816     0.979    0.9917    0.8837   0.01318  0.002524 8.135e-05
     37/99     22.9G   0.02267   0.01097  0.002799   0.03644        62       640    0.9818    0.9797    0.9919    0.8854   0.01312  0.002513  8.11e-05
     38/99     22.9G   0.02257   0.01092  0.002735   0.03622        61       640    0.9813    0.9814    0.9921    0.8867   0.01307  0.002504  7.96e-05
     39/99     22.9G   0.02241   0.01086  0.002663   0.03594        75       640    0.9821    0.9806    0.9922    0.8873   0.01302  0.002495  7.56e-05
     40/99     22.9G   0.02237   0.01087  0.002731   0.03598        81       640    0.9823    0.9809    0.9923    0.8884   0.01297  0.002486 7.249e-05
     41/99     22.9G   0.02233   0.01087  0.002694    0.0359        82       640    0.9818    0.9815    0.9924    0.8898   0.01293  0.002481 6.839e-05
     42/99     22.9G    0.0222    0.0108  0.002656   0.03565        79       640    0.9832    0.9809    0.9925    0.8902   0.01288  0.002471 6.377e-05
     43/99     22.9G   0.02208    0.0108  0.002577   0.03546        92       640    0.9845    0.9799    0.9926    0.8909    0.0128  0.002461 6.161e-05
     44/99     22.9G   0.02202   0.01072  0.002626   0.03536        91       640     0.985    0.9802    0.9925     0.891   0.01276  0.002454 6.099e-05
     45/99     22.9G   0.02194   0.01066  0.002554   0.03516       137       640    0.9858    0.9803    0.9927    0.8928    0.0127  0.002443 5.926e-05
     46/99     22.9G    0.0218   0.01065   0.00256   0.03501        78       640    0.9862    0.9801    0.9928    0.8936   0.01265  0.002434 5.834e-05
     47/99     22.9G   0.02172   0.01058  0.002542   0.03485       103       640    0.9855    0.9818    0.9929    0.8941   0.01259  0.002427 5.656e-05
     48/99     22.9G   0.02139   0.01049  0.002429   0.03431        60       640    0.9856    0.9819    0.9931     0.895   0.01253  0.002417 5.483e-05
     49/99     22.9G   0.02137   0.01046  0.002398   0.03423        76       640    0.9873    0.9804    0.9932    0.8948   0.01248   0.00241  5.43e-05
     50/99     22.9G    0.0212   0.01038  0.002396   0.03398       111       640    0.9873    0.9812    0.9933    0.8959   0.01242  0.002401 5.337e-05
     51/99     22.9G   0.02121    0.0104    0.0024   0.03401        76       640    0.9874    0.9813    0.9934    0.8969   0.01236  0.002394 5.099e-05
     52/99     22.9G   0.02114   0.01036  0.002336   0.03384        87       640    0.9855    0.9827    0.9934    0.8974   0.01229  0.002388 4.785e-05
     53/99     22.9G   0.02101   0.01024  0.002348   0.03361        76       640    0.9854    0.9828    0.9934    0.8985   0.01222  0.002377 4.516e-05
     54/99     22.9G   0.02091    0.0102  0.002285   0.03339        83       640    0.9827    0.9858    0.9935    0.8994   0.01214  0.002369 4.493e-05
     55/99     22.9G   0.02084   0.01018  0.002329   0.03335        75       640    0.9828    0.9863    0.9936    0.9006   0.01208  0.002356 4.457e-05
     56/99     22.9G   0.02061   0.01013  0.002201   0.03294        55       640    0.9831    0.9862    0.9937    0.9013   0.01202  0.002346 4.409e-05
     57/99     22.9G   0.02053   0.01008  0.002152   0.03276        83       640    0.9841    0.9855    0.9938    0.9021   0.01194  0.002332 4.289e-05
     58/99     22.9G   0.02042   0.01002  0.002161    0.0326       114       640    0.9838    0.9866    0.9939    0.9029   0.01189  0.002324 4.232e-05
     59/99     22.9G    0.0204   0.01005  0.002174   0.03262        92       640    0.9844    0.9863    0.9939     0.904   0.01184  0.002316 4.117e-05
     60/99     22.9G   0.02017  0.009887  0.002097   0.03216        81       640    0.9855    0.9859     0.994    0.9048   0.01178  0.002308 3.967e-05
     61/99     22.9G   0.02006  0.009815  0.002002   0.03188        45       640    0.9853    0.9865    0.9941    0.9057   0.01174  0.002298 3.864e-05
     62/99     22.9G   0.01998  0.009865  0.002058   0.03191        66       640    0.9862    0.9856    0.9941    0.9064   0.01169   0.00229 3.839e-05
     63/99     22.9G   0.01978   0.00976  0.002013   0.03156        63       640    0.9859    0.9865    0.9943    0.9068   0.01165   0.00228 3.805e-05
     64/99     22.9G    0.0197  0.009714  0.001995   0.03141        69       640     0.987    0.9856    0.9944    0.9084   0.01159  0.002268 3.778e-05
     65/99     22.9G   0.01953  0.009609  0.001906   0.03104        77       640     0.987    0.9865    0.9944    0.9094   0.01152  0.002261 3.783e-05
     66/99     22.9G   0.01946  0.009542  0.001943   0.03094        91       640    0.9864    0.9878    0.9944    0.9104   0.01146  0.002252 3.785e-05
     67/99     22.9G   0.01939   0.00959  0.001875   0.03086       105       640    0.9871    0.9875    0.9947    0.9113    0.0114  0.002242 3.617e-05
     68/99     22.9G   0.01931  0.009566  0.001887   0.03076        67       640    0.9878    0.9873    0.9946    0.9126   0.01133  0.002232 3.416e-05
     69/99     22.9G   0.01926  0.009493  0.001869   0.03063        93       640    0.9873    0.9887    0.9946    0.9131   0.01127  0.002224 3.233e-05
     70/99     22.9G   0.01919  0.009471  0.001819   0.03049        88       640    0.9879    0.9889    0.9947    0.9141   0.01121  0.002211  3.13e-05
     71/99     22.9G   0.01895  0.009372  0.001834   0.03015        71       640    0.9882    0.9883    0.9947    0.9144   0.01118  0.002201 3.006e-05
     72/99     22.9G   0.01878  0.009258  0.001734   0.02977        78       640    0.9879    0.9888    0.9948    0.9154   0.01113  0.002193 2.959e-05
     73/99     22.9G   0.01863  0.009215  0.001705   0.02955        87       640    0.9873    0.9901    0.9949    0.9163   0.01107  0.002182 2.919e-05
     74/99     22.9G   0.01844  0.009158  0.001629   0.02923        65       640     0.988    0.9902     0.995    0.9172     0.011  0.002168 2.932e-05
     75/99     22.9G   0.01838  0.009103  0.001627   0.02911        82       640    0.9891    0.9894    0.9951    0.9182   0.01095  0.002157 2.925e-05
     76/99     22.9G   0.01828  0.009064  0.001624   0.02896        86       640    0.9891    0.9899    0.9953    0.9186   0.01089  0.002146 2.937e-05
     77/99     22.9G   0.01813   0.00894  0.001582   0.02865        63       640    0.9909    0.9884    0.9953      0.92   0.01085  0.002133 2.987e-05
     78/99     22.9G   0.01805  0.008945  0.001591   0.02859        66       640     0.991    0.9886    0.9954     0.921   0.01079  0.002122 3.008e-05
     79/99     22.9G   0.01788  0.008871  0.001493   0.02825        80       640    0.9912     0.989    0.9955    0.9219   0.01073  0.002113 3.093e-05
     80/99     22.9G   0.01764  0.008808  0.001477   0.02792        64       640    0.9915    0.9889    0.9955    0.9229   0.01066  0.002102 3.106e-05
     81/99     22.9G   0.01757  0.008736  0.001491   0.02779       110       640    0.9918    0.9888    0.9955    0.9239    0.0106  0.002092 3.108e-05
     82/99     22.9G   0.01754  0.008731  0.001477   0.02775        59       640    0.9921    0.9889    0.9956    0.9248   0.01056   0.00208 3.106e-05
     83/99     22.9G   0.01729  0.008625  0.001406   0.02732        84       640    0.9922    0.9896    0.9957    0.9255   0.01049  0.002068 3.083e-05
     84/99     22.9G    0.0172  0.008573  0.001362   0.02713        55       640     0.992    0.9902    0.9957    0.9265   0.01042  0.002054 3.047e-05
     85/99     22.9G    0.0171  0.008507  0.001354   0.02696        84       640    0.9918    0.9907    0.9957    0.9276   0.01037  0.002043 2.994e-05
     86/99     22.9G   0.01697  0.008448  0.001334   0.02675        78       640    0.9915    0.9913    0.9958    0.9283   0.01031  0.002034  2.95e-05
     87/99     21.7G   0.01697  0.008464  0.001336   0.02677        59       640    0.9911    0.9917    0.9958    0.9286   0.01025  0.002024 2.926e-05
     88/99     21.7G    0.0169  0.008413  0.001328   0.02665        59       640    0.9919     0.991    0.9958    0.9295   0.01019  0.002014 2.941e-05
     89/99     21.7G   0.01669  0.008338  0.001289   0.02632        71       640    0.9926    0.9904    0.9958      0.93   0.01013  0.002001  2.97e-05
     90/99     21.7G   0.01669  0.008301  0.001294   0.02628        70       640    0.9932    0.9903    0.9959    0.9313   0.01009  0.001988 3.015e-05
     91/99     21.7G   0.01635  0.008241  0.001262   0.02585        59       640    0.9938    0.9901    0.9959    0.9325   0.01004  0.001978 3.105e-05
     92/99     21.7G   0.01638  0.008201   0.00124   0.02582       105       640    0.9933    0.9907     0.996    0.9337   0.00998   0.00197 3.163e-05
     93/99     21.7G    0.0163  0.008178  0.001236   0.02571        76       640    0.9922    0.9917    0.9961    0.9345  0.009931  0.001959 3.133e-05
     94/99     21.7G   0.01629  0.008104   0.00122   0.02561        74       640    0.9935    0.9906    0.9962    0.9348  0.009873  0.001949 3.145e-05
     95/99     21.7G   0.01615  0.008096  0.001231   0.02547        67       640    0.9937    0.9909    0.9961    0.9354  0.009815  0.001942 3.173e-05
     96/99     21.7G   0.01619  0.008092  0.001198   0.02548        82       640    0.9932    0.9911    0.9961    0.9363   0.00977  0.001937  3.22e-05
     97/99     21.7G     0.016  0.008047  0.001212   0.02526       132       640    0.9925     0.992    0.9962    0.9366  0.009724  0.001931 3.288e-05
     98/99     21.7G   0.01607  0.008048  0.001164   0.02529        86       640    0.9929    0.9916    0.9961    0.9372  0.009657  0.001923 3.333e-05
     99/99     21.7G   0.01603  0.008005  0.001164    0.0252        98       640    0.9934    0.9917    0.9962    0.9378  0.009613  0.001913 3.349e-05
